1, 35.6008686174365, 35.6008686174365
2, 0.0, 35.6008686174365
3, 0.0, 35.6008686174365
4, 32.37148807104341, 35.6008686174365
5, 0.0, 35.6008686174365
6, 0.0, 35.6008686174365
7, 32.71128343907083, 35.6008686174365
8, 0.0, 35.6008686174365
9, 43.414009576250514, 43.414009576250514
10, 41.076911745203304, 43.414009576250514
11, 0.0, 43.414009576250514
12, 51.27002452780378, 51.27002452780378
13, 93.17194023172675, 93.17194023172675
14, 107.56178873132885, 107.56178873132885
15, 233.64327405320742, 233.64327405320742
16, 0.0, 233.64327405320742
17, 5.8754242774800485, 233.64327405320742
18, 37.52929472427658, 233.64327405320742
19, 39.49418381065658, 233.64327405320742
20, 114.94408536708656, 233.64327405320742
21, 214.108189680279, 233.64327405320742
22, 32.71128343907084, 233.64327405320742
23, 235.51660652036543, 235.51660652036543
24, 0.0, 235.51660652036543
25, 42.84759405645204, 235.51660652036543
26, 7.968299965949766, 235.51660652036543
27, 0.0, 235.51660652036543
28, 185.3041138900919, 235.51660652036543
29, 0.0, 235.51660652036543
30, 358.0672794588974, 358.0672794588974
31, 70.51585716952081, 358.0672794588974
32, 0.0, 358.0672794588974
33, 216.47262426094255, 358.0672794588974
34, 0.0, 358.0672794588974
35, 0.0, 358.0672794588974
36, 0.0, 358.0672794588974
37, 57.9507400687984, 358.0672794588974
38, 76.03297651308539, 358.0672794588974
39, 0.0, 358.0672794588974
40, 45.287912891733285, 358.0672794588974
41, 142.5989342485254, 358.0672794588974
42, 83.40050251596199, 358.0672794588974
43, 0.0, 358.0672794588974
44, 209.78541666928515, 358.0672794588974
45, 0.0, 358.0672794588974
46, 41.53397743964553, 358.0672794588974
47, 75.46948497159984, 358.0672794588974
48, 39.03634485006719, 358.0672794588974
49, 729.9381541436326, 729.9381541436326
50, 0.0, 729.9381541436326
51, 209.95445796086128, 729.9381541436326
52, 300.84982527541706, 729.9381541436326
53, 44.53791776099855, 729.9381541436326
54, 45.07046245058377, 729.9381541436326
55, 0.9139772113426909, 729.9381541436326
56, 0.0, 729.9381541436326
57, 251.54707790734562, 729.9381541436326
58, 19.549426112744268, 729.9381541436326
59, 254.2109515965402, 729.9381541436326
60, 5.863636279316899, 729.9381541436326
61, 146.29002203722374, 729.9381541436326
62, 51.02680844903625, 729.9381541436326
63, 280.23487869592697, 729.9381541436326
64, 50.54692061508783, 729.9381541436326
65, 275.85058946085223, 729.9381541436326
66, 72.5809341655161, 729.9381541436326
67, 137.5509752114917, 729.9381541436326
68, 3.2777386703089166, 729.9381541436326
69, 46.490354567052904, 729.9381541436326
70, 69.41263786097286, 729.9381541436326
71, 51.78840260499199, 729.9381541436326
72, 0.0, 729.9381541436326
73, 43.76368848046884, 729.9381541436326
74, 116.38910050113331, 729.9381541436326
75, 0.0, 729.9381541436326
76, 0.0, 729.9381541436326
77, 216.23500602602638, 729.9381541436326
78, 218.23650101515847, 729.9381541436326
79, 107.26041603000432, 729.9381541436326
80, 53.27112405600695, 729.9381541436326
81, 193.5745346667223, 729.9381541436326
82, 0.0, 729.9381541436326
83, 46.20631407033197, 729.9381541436326
84, 214.02700292832185, 729.9381541436326
85, 37.9057774344069, 729.9381541436326
86, 4.561446116313913, 729.9381541436326
87, 206.78061766005328, 729.9381541436326
88, 103.94757226152532, 729.9381541436326
89, 4.475181430114036, 729.9381541436326
90, 200.53167671566354, 729.9381541436326
91, 148.54439673010816, 729.9381541436326
92, 0.0, 729.9381541436326
93, 265.57904456518185, 729.9381541436326
94, 5.613746859008858, 729.9381541436326
95, 33.571945117300075, 729.9381541436326
96, 0.0, 729.9381541436326
97, 0.0, 729.9381541436326
98, 6.127963156975766, 729.9381541436326
99, 335.2118825152984, 729.9381541436326
100, 32.299756642368294, 729.9381541436326
101, 82.7096011401826, 729.9381541436326
102, 0.0, 729.9381541436326
103, 64.20212674515824, 729.9381541436326
104, 204.130977899642, 729.9381541436326
105, 36.89355379080698, 729.9381541436326
106, 46.899481403481516, 729.9381541436326
107, 0.0, 729.9381541436326
108, 0.0, 729.9381541436326
109, 0.0, 729.9381541436326
110, 77.24770834926812, 729.9381541436326
111, 340.1093220683275, 729.9381541436326
112, 57.16511394888867, 729.9381541436326
113, 225.6761446705492, 729.9381541436326
114, 38.53776015602734, 729.9381541436326
115, 4.4552761032500365, 729.9381541436326
116, 196.6084318507035, 729.9381541436326
117, 65.90221666836833, 729.9381541436326
118, 92.12181851149066, 729.9381541436326
119, 0.0, 729.9381541436326
120, 31.20842183856415, 729.9381541436326
121, 46.89417443974946, 729.9381541436326
122, 76.1162479283575, 729.9381541436326
123, 293.26991644636007, 729.9381541436326
124, 0.0, 729.9381541436326
125, 0.0, 729.9381541436326
126, 219.14071692102436, 729.9381541436326
127, 4.433899492980073, 729.9381541436326
128, 57.14246669277229, 729.9381541436326
129, 180.8001773943, 729.9381541436326
130, 0.0, 729.9381541436326
131, 0.0, 729.9381541436326
132, 6.065463926675507, 729.9381541436326
133, 0.0, 729.9381541436326
134, 343.886015095945, 729.9381541436326
135, 44.60605683904276, 729.9381541436326
136, 246.18804729276158, 729.9381541436326
137, 217.13063912471654, 729.9381541436326
138, 54.30678188045708, 729.9381541436326
139, 220.23155617737592, 729.9381541436326
140, 114.31467061912281, 729.9381541436326
141, 131.0766090212392, 729.9381541436326
142, 271.03526833837503, 729.9381541436326
143, 105.28456971662155, 729.9381541436326
144, 0.0, 729.9381541436326
145, 0.6215340319466184, 729.9381541436326
146, 41.88767857756709, 729.9381541436326
147, 0.6339357588173491, 729.9381541436326
148, 222.8634631551235, 729.9381541436326
149, 0.0, 729.9381541436326
150, 6.9004694628783, 729.9381541436326
151, 0.0, 729.9381541436326
152, 0.0, 729.9381541436326
153, 158.97984822062, 729.9381541436326
154, 0.0, 729.9381541436326
155, 197.37394213234867, 729.9381541436326
156, 7.156206527493101, 729.9381541436326
157, 31.114387665699475, 729.9381541436326
158, 0.0, 729.9381541436326
159, 124.08635690325362, 729.9381541436326
160, 259.8772371129051, 729.9381541436326
161, 80.97831672636858, 729.9381541436326
162, 43.19736680807465, 729.9381541436326
163, 33.03146117400757, 729.9381541436326
164, 234.45041498932875, 729.9381541436326
165, 230.38529926106713, 729.9381541436326
166, 245.25394137794405, 729.9381541436326
167, 0.0, 729.9381541436326
168, 63.721292108566885, 729.9381541436326
169, 237.18713836897683, 729.9381541436326
170, 0.0, 729.9381541436326
171, 0.0, 729.9381541436326
172, 5.1374428238863725, 729.9381541436326
173, 35.57227112131982, 729.9381541436326
174, 49.54093132848707, 729.9381541436326
175, 247.83327704125367, 729.9381541436326
176, 28.30590057779957, 729.9381541436326
177, 221.58246910131396, 729.9381541436326
178, 4.601598064076443, 729.9381541436326
179, 218.00602213770617, 729.9381541436326
180, 53.0566202056074, 729.9381541436326
181, 44.370517733363926, 729.9381541436326
182, 44.577128365392596, 729.9381541436326
183, 33.796331812021265, 729.9381541436326
184, 90.54182517755616, 729.9381541436326
185, 60.188309102264896, 729.9381541436326
186, 0.0, 729.9381541436326
187, 48.556522811079915, 729.9381541436326
188, 207.60359393547955, 729.9381541436326
189, 0.0, 729.9381541436326
190, 0.0, 729.9381541436326
191, 176.0757730076541, 729.9381541436326
192, 54.834779228815115, 729.9381541436326
193, 0.0, 729.9381541436326
194, 0.0, 729.9381541436326
195, 44.11004834013513, 729.9381541436326
196, 41.292134732963746, 729.9381541436326
197, 230.9704067916208, 729.9381541436326
198, 1.0149855668746486, 729.9381541436326
199, 0.0, 729.9381541436326
200, 34.01880790995312, 729.9381541436326
201, 162.3248488987178, 729.9381541436326
202, 7.547500542910445, 729.9381541436326
203, 213.03396977940037, 729.9381541436326
204, 36.33357054848191, 729.9381541436326
205, 0.0, 729.9381541436326
206, 59.27805269327657, 729.9381541436326
207, 44.93405520139013, 729.9381541436326
208, 278.8774210893064, 729.9381541436326
209, 213.195436658135, 729.9381541436326
210, 0.0, 729.9381541436326
211, 230.13134458960917, 729.9381541436326
212, 204.71640876798705, 729.9381541436326
213, 214.3623888724203, 729.9381541436326
214, 0.0, 729.9381541436326
215, 14.088992458910948, 729.9381541436326
216, 48.8531164254624, 729.9381541436326
217, 6.339723859830871, 729.9381541436326
218, 32.9815198397434, 729.9381541436326
219, 32.14638432659522, 729.9381541436326
220, 105.45329149147204, 729.9381541436326
221, 8.220001155678784, 729.9381541436326
222, 7.651120264223012, 729.9381541436326
223, 0.0, 729.9381541436326
224, 0.0, 729.9381541436326
225, 1.744052584042498, 729.9381541436326
226, 115.0007175493205, 729.9381541436326
227, 25.616701244309564, 729.9381541436326
228, 245.34312164725787, 729.9381541436326
229, 40.724963290592946, 729.9381541436326
230, 0.0, 729.9381541436326
231, 46.18210298065791, 729.9381541436326
232, 58.462935256004315, 729.9381541436326
233, 195.53118751929776, 729.9381541436326
234, 518.3331918016817, 729.9381541436326
235, 0.0, 729.9381541436326
236, 4.605478743602308, 729.9381541436326
237, 223.7435560629035, 729.9381541436326
238, 155.1756491185445, 729.9381541436326
239, 180.60429339609053, 729.9381541436326
240, 362.07485775670403, 729.9381541436326
241, 166.13215484550724, 729.9381541436326
242, 118.42629508188097, 729.9381541436326
243, 0.0, 729.9381541436326
244, 123.95058787892279, 729.9381541436326
245, 46.364118329224475, 729.9381541436326
246, 58.983936611313155, 729.9381541436326
247, 4.496927206176848, 729.9381541436326
248, 0.0, 729.9381541436326
249, 7.321190549727085, 729.9381541436326
250, 247.6129234459173, 729.9381541436326
251, 278.92952738458763, 729.9381541436326
252, 249.55300226346625, 729.9381541436326
253, 0.6305782392546015, 729.9381541436326
254, 0.0, 729.9381541436326
255, 0.0, 729.9381541436326
256, 64.95576553469063, 729.9381541436326
257, 32.704822264386706, 729.9381541436326
258, 105.00561217627185, 729.9381541436326
259, 130.5052853626134, 729.9381541436326
260, 374.6880732244073, 729.9381541436326
261, 74.64104505642236, 729.9381541436326
262, 402.06361721909565, 729.9381541436326
263, 41.2570321516017, 729.9381541436326
264, 0.0, 729.9381541436326
265, 250.4802696153071, 729.9381541436326
266, 33.09659523905591, 729.9381541436326
267, 49.15868759461237, 729.9381541436326
268, 173.4001661318959, 729.9381541436326
269, 0.0, 729.9381541436326
270, 7.34169093320711, 729.9381541436326
271, 0.0, 729.9381541436326
272, 240.87099272352287, 729.9381541436326
273, 0.0, 729.9381541436326
274, 0.0, 729.9381541436326
275, 0.0, 729.9381541436326
276, 0.0, 729.9381541436326
277, 259.4802874928873, 729.9381541436326
278, 53.9663090421321, 729.9381541436326
279, 0.0, 729.9381541436326
280, 208.67095857577408, 729.9381541436326
281, 30.991407425251143, 729.9381541436326
282, 0.0, 729.9381541436326
283, 55.34695076645521, 729.9381541436326
284, 45.88771210040659, 729.9381541436326
285, 54.223653866457894, 729.9381541436326
286, 80.84096683850328, 729.9381541436326
287, 154.06332700288357, 729.9381541436326
288, 0.0, 729.9381541436326
289, 38.4651964112544, 729.9381541436326
290, 0.0, 729.9381541436326
291, 120.55407156075657, 729.9381541436326
292, 6.3719149068233785, 729.9381541436326
293, 0.0, 729.9381541436326
294, 222.6546224066213, 729.9381541436326
295, 0.0, 729.9381541436326
296, 32.016578539628796, 729.9381541436326
297, 0.0, 729.9381541436326
298, 223.34000448601836, 729.9381541436326
299, 5.991546547835987, 729.9381541436326
300, 0.0, 729.9381541436326
301, 1.10323018988304, 729.9381541436326
302, 0.0, 729.9381541436326
303, 46.24165174648006, 729.9381541436326
304, 0.0, 729.9381541436326
305, 54.56676684594947, 729.9381541436326
306, 0.0, 729.9381541436326
307, 201.99858772444549, 729.9381541436326
308, 34.469764758340816, 729.9381541436326
309, 0.0, 729.9381541436326
310, 182.2580466465347, 729.9381541436326
311, 44.17246104543428, 729.9381541436326
312, 0.0, 729.9381541436326
313, 168.03878097210324, 729.9381541436326
314, 69.01468472960104, 729.9381541436326
315, 327.93101812596467, 729.9381541436326
316, 129.98163032535192, 729.9381541436326
317, 6.16008798086553, 729.9381541436326
318, 225.84986936012237, 729.9381541436326
319, 0.0, 729.9381541436326
320, 266.72891905120593, 729.9381541436326
321, 0.0, 729.9381541436326
322, 0.0, 729.9381541436326
323, 52.41924342633294, 729.9381541436326
324, 0.0, 729.9381541436326
325, 0.0, 729.9381541436326
326, 47.60156290177649, 729.9381541436326
327, 0.6147124229981058, 729.9381541436326
328, 195.37138584393927, 729.9381541436326
329, 39.87912506615423, 729.9381541436326
330, 73.79217258294308, 729.9381541436326
331, 1.5588070523673863, 729.9381541436326
332, 83.96483058664701, 729.9381541436326
333, 10.510486811639426, 729.9381541436326
334, 105.88018488487091, 729.9381541436326
335, 0.0, 729.9381541436326
336, 215.9588372434127, 729.9381541436326
337, 0.0, 729.9381541436326
338, 143.65235064618724, 729.9381541436326
339, 44.987596043331976, 729.9381541436326
340, 130.1616521474473, 729.9381541436326
341, 60.554421369482014, 729.9381541436326
342, 52.54999676094769, 729.9381541436326
343, 177.81442698265275, 729.9381541436326
344, 0.0, 729.9381541436326
345, 33.585863624604805, 729.9381541436326
346, 0.0, 729.9381541436326
347, 264.30597796497193, 729.9381541436326
348, 4.527844877373694, 729.9381541436326
349, 31.51526446995363, 729.9381541436326
350, 191.86317991478862, 729.9381541436326
351, 0.0, 729.9381541436326
352, 0.0, 729.9381541436326
353, 0.0, 729.9381541436326
354, 32.435665564350806, 729.9381541436326
355, 185.84385144245945, 729.9381541436326
356, 0.0, 729.9381541436326
357, 179.37543370773608, 729.9381541436326
358, 0.0, 729.9381541436326
359, 103.48897196044243, 729.9381541436326
360, 180.18862380032874, 729.9381541436326
361, 239.8361683831544, 729.9381541436326
362, 78.51191700561759, 729.9381541436326
363, 35.66944019471676, 729.9381541436326
364, 52.43480562636948, 729.9381541436326
365, 46.273323843639204, 729.9381541436326
366, 0.0, 729.9381541436326
367, 49.20130669350637, 729.9381541436326
368, 75.39782143962054, 729.9381541436326
369, 7.874835757739863, 729.9381541436326
370, 0.0, 729.9381541436326
371, 272.07593177467913, 729.9381541436326
372, 267.16409568465707, 729.9381541436326
373, 207.07032062113984, 729.9381541436326
374, 216.531934590451, 729.9381541436326
375, 210.90401087487163, 729.9381541436326
376, 0.0, 729.9381541436326
377, 5.873983332498611, 729.9381541436326
378, 208.80308098847317, 729.9381541436326
379, 58.90105492943965, 729.9381541436326
380, 44.700009332794465, 729.9381541436326
381, 0.0, 729.9381541436326
382, 0.0, 729.9381541436326
383, 36.587492871872676, 729.9381541436326
384, 205.1119743800847, 729.9381541436326
385, 0.0, 729.9381541436326
386, 236.40258979794373, 729.9381541436326
387, 321.6735776304792, 729.9381541436326
388, 67.78187988006316, 729.9381541436326
389, 208.14252575190613, 729.9381541436326
390, 0.0, 729.9381541436326
391, 0.0, 729.9381541436326
392, 0.0, 729.9381541436326
393, 0.0, 729.9381541436326
394, 101.14869469178917, 729.9381541436326
395, 111.882307182742, 729.9381541436326
396, 273.58977796094376, 729.9381541436326
397, 317.3242241805026, 729.9381541436326
398, 102.75415191406636, 729.9381541436326
399, 0.0, 729.9381541436326
400, 0.0, 729.9381541436326
401, 265.0546563161504, 729.9381541436326
402, 4.822463547619268, 729.9381541436326
403, 65.97754008945688, 729.9381541436326
404, 39.60289610969972, 729.9381541436326
405, 5.694383495363243, 729.9381541436326
406, 0.0, 729.9381541436326
407, 36.33987000500581, 729.9381541436326
408, 54.627433582323924, 729.9381541436326
409, 218.06351245025195, 729.9381541436326
410, 0.0, 729.9381541436326
411, 216.79278609832596, 729.9381541436326
412, 219.32469912653045, 729.9381541436326
413, 42.44834084608926, 729.9381541436326
414, 0.0, 729.9381541436326
415, 0.0, 729.9381541436326
416, 0.0, 729.9381541436326
417, 0.0, 729.9381541436326
418, 266.99199278357196, 729.9381541436326
419, 229.43964037177489, 729.9381541436326
420, 0.0, 729.9381541436326
421, 0.0, 729.9381541436326
422, 201.13679787897615, 729.9381541436326
423, 216.82582261269985, 729.9381541436326
424, 0.0, 729.9381541436326
425, 32.914675041137876, 729.9381541436326
426, 271.041573934944, 729.9381541436326
427, 102.05012296673175, 729.9381541436326
428, 0.0, 729.9381541436326
429, 0.0, 729.9381541436326
430, 0.0, 729.9381541436326
431, 253.22290581719133, 729.9381541436326
432, 212.09107102796392, 729.9381541436326
433, 4.577610670534174, 729.9381541436326
434, 0.0, 729.9381541436326
435, 0.0, 729.9381541436326
436, 4.984356369239869, 729.9381541436326
437, 50.31447633903612, 729.9381541436326
438, 45.23253220846372, 729.9381541436326
439, 43.384059356016344, 729.9381541436326
440, 50.12914669052713, 729.9381541436326
441, 0.0, 729.9381541436326
442, 7.724251464894595, 729.9381541436326
443, 39.992572849355625, 729.9381541436326
444, 42.37146717451033, 729.9381541436326
445, 95.3407433610652, 729.9381541436326
446, 42.5005056201083, 729.9381541436326
447, 14.525465765020908, 729.9381541436326
448, 0.0, 729.9381541436326
449, 208.73454246833924, 729.9381541436326
450, 0.0, 729.9381541436326
451, 4.648549138227919, 729.9381541436326
452, 32.250423420316956, 729.9381541436326
453, 252.68086992957092, 729.9381541436326
454, 10.632197172990356, 729.9381541436326
455, 54.62875455867226, 729.9381541436326
456, 216.9694598660026, 729.9381541436326
457, 218.80256814999785, 729.9381541436326
458, 0.0, 729.9381541436326
459, 76.92100975153244, 729.9381541436326
460, 21.291649113455126, 729.9381541436326
461, 325.6583852706141, 729.9381541436326
462, 4.938267805353709, 729.9381541436326
463, 76.641995480444, 729.9381541436326
464, 0.0, 729.9381541436326
465, 212.4924612713789, 729.9381541436326
466, 85.33403808128764, 729.9381541436326
467, 44.05492073595714, 729.9381541436326
468, 46.4572435133017, 729.9381541436326
469, 0.0, 729.9381541436326
470, 0.0, 729.9381541436326
471, 218.19433938542426, 729.9381541436326
472, 167.81984420164832, 729.9381541436326
473, 237.5384606240825, 729.9381541436326
474, 65.29537465542192, 729.9381541436326
475, 0.9753835701086839, 729.9381541436326
476, 41.29225748101351, 729.9381541436326
477, 61.05897123573554, 729.9381541436326
478, 257.475648385548, 729.9381541436326
479, 262.22612014970775, 729.9381541436326
480, 277.474554301708, 729.9381541436326
481, 83.91022488786227, 729.9381541436326
482, 33.67422375935227, 729.9381541436326
483, 867.702618914652, 867.702618914652
484, 0.0, 867.702618914652
485, 40.68802182269385, 867.702618914652
486, 15.793131171859528, 867.702618914652
487, 4.619374418858861, 867.702618914652
488, 230.97486426584058, 867.702618914652
489, 209.2508333635867, 867.702618914652
490, 1.001427345017367, 867.702618914652
491, 74.93310123409319, 867.702618914652
492, 269.70428013648416, 867.702618914652
493, 27.592223460098115, 867.702618914652
494, 35.6651823370411, 867.702618914652
495, 180.30750052396195, 867.702618914652
496, 2.1470424059127526, 867.702618914652
497, 0.776055683824253, 867.702618914652
498, 0.0, 867.702618914652
499, 0.0, 867.702618914652
500, 54.906039495115856, 867.702618914652
501, 228.67775551260573, 867.702618914652
502, 125.85506133929323, 867.702618914652
503, 77.30819523446645, 867.702618914652
504, 33.934222795323365, 867.702618914652
505, 0.0, 867.702618914652
506, 1.3461611985390547, 867.702618914652
507, 0.0, 867.702618914652
508, 219.8694082245539, 867.702618914652
509, 269.94427875257975, 867.702618914652
510, 21.50717578130173, 867.702618914652
511, 44.9830843052713, 867.702618914652
512, 0.0, 867.702618914652
513, 0.0, 867.702618914652
514, 45.31590448406635, 867.702618914652
515, 154.75585677414728, 867.702618914652
516, 8.488204443358558, 867.702618914652
517, 56.64688890259193, 867.702618914652
518, 274.4129367089349, 867.702618914652
519, 177.64169061212155, 867.702618914652
520, 305.2595849262724, 867.702618914652
521, 76.92100975153225, 867.702618914652
522, 273.7310432644721, 867.702618914652
523, 0.0, 867.702618914652
524, 183.35367207713466, 867.702618914652
525, 0.0, 867.702618914652
526, 4.671979906912429, 867.702618914652
527, 0.0, 867.702618914652
528, 224.25537024078363, 867.702618914652
529, 0.0, 867.702618914652
530, 4.711686571793066, 867.702618914652
531, 4.521645626782246, 867.702618914652
532, 210.44332245853755, 867.702618914652
533, 0.0, 867.702618914652
534, 4.832121237456874, 867.702618914652
535, 56.877627224473294, 867.702618914652
536, 6.947051282499972, 867.702618914652
537, 0.0, 867.702618914652
538, 0.6174925012670058, 867.702618914652
539, 0.0, 867.702618914652
540, 0.0, 867.702618914652
541, 193.13702769624496, 867.702618914652
542, 215.2101348637073, 867.702618914652
543, 30.300521932506015, 867.702618914652
544, 110.68204158405158, 867.702618914652
545, 84.97541560971878, 867.702618914652
546, 0.0, 867.702618914652
547, 0.0, 867.702618914652
548, 257.0484840869584, 867.702618914652
549, 225.485200011684, 867.702618914652
550, 45.30929626356341, 867.702618914652
551, 33.53149034404502, 867.702618914652
552, 0.0, 867.702618914652
553, 0.0, 867.702618914652
554, 33.39868625560419, 867.702618914652
555, 160.18107257809223, 867.702618914652
556, 0.0, 867.702618914652
557, 43.586351586209254, 867.702618914652
558, 34.4119021537003, 867.702618914652
559, 211.1629808238784, 867.702618914652
560, 48.20137900379086, 867.702618914652
561, 177.58102655235638, 867.702618914652
562, 37.85529679332927, 867.702618914652
563, 157.99186474801073, 867.702618914652
564, 0.0, 867.702618914652
565, 77.68260390748813, 867.702618914652
566, 0.0, 867.702618914652
567, 0.0, 867.702618914652
568, 215.85944016932217, 867.702618914652
569, 38.03347022033417, 867.702618914652
570, 231.81733296219363, 867.702618914652
571, 10.124847253454082, 867.702618914652
572, 37.181898554854, 867.702618914652
573, 0.0, 867.702618914652
574, 205.59534407142485, 867.702618914652
575, 0.0, 867.702618914652
576, 222.5821930787157, 867.702618914652
577, 32.39732417200597, 867.702618914652
578, 6.201735477809561, 867.702618914652
579, 268.8664933454968, 867.702618914652
580, 27.01277603248257, 867.702618914652
581, 35.297088361084455, 867.702618914652
582, 0.0, 867.702618914652
583, 33.45390741595717, 867.702618914652
584, 44.546789295220975, 867.702618914652
585, 362.1564123061675, 867.702618914652
586, 48.74202598116892, 867.702618914652
587, 107.37456094964082, 867.702618914652
588, 0.0, 867.702618914652
589, 236.33563201024924, 867.702618914652
590, 178.1152512254332, 867.702618914652
591, 53.36802440710076, 867.702618914652
592, 44.45625699840011, 867.702618914652
593, 0.0, 867.702618914652
594, 181.1516309359247, 867.702618914652
595, 6.231675450414287, 867.702618914652
596, 57.90143265858372, 867.702618914652
597, 105.08924688739523, 867.702618914652
598, 60.0964670600777, 867.702618914652
599, 45.73654613919528, 867.702618914652
600, 34.90782796678971, 867.702618914652
601, 273.44845817598036, 867.702618914652
602, 52.30693207911706, 867.702618914652
603, 69.28073523496785, 867.702618914652
604, 30.587486561164024, 867.702618914652
605, 0.0, 867.702618914652
606, 43.3256696081647, 867.702618914652
607, 5.969516959099838, 867.702618914652
608, 0.0, 867.702618914652
609, 65.68837506172287, 867.702618914652
610, 232.22998523272358, 867.702618914652
611, 48.17288372686677, 867.702618914652
612, 221.4280290828151, 867.702618914652
613, 40.70948867523933, 867.702618914652
614, 4.933751934213467, 867.702618914652
615, 39.582760302679304, 867.702618914652
616, 35.4958658239828, 867.702618914652
617, 29.984688874352294, 867.702618914652
618, 82.25216884322225, 867.702618914652
619, 57.119561696682396, 867.702618914652
620, 405.95266259065744, 867.702618914652
621, 52.516979555594546, 867.702618914652
622, 50.26521429308042, 867.702618914652
623, 224.73118490035392, 867.702618914652
624, 283.1261618440943, 867.702618914652
625, 52.30252536399394, 867.702618914652
626, 0.786097167210919, 867.702618914652
627, 0.0, 867.702618914652
628, 8.214663343693708, 867.702618914652
629, 32.71128343907083, 867.702618914652
630, 0.0, 867.702618914652
631, 216.349552827009, 867.702618914652
632, 32.983748044927594, 867.702618914652
633, 51.093461744018285, 867.702618914652
634, 38.94927032824164, 867.702618914652
635, 66.78189245654941, 867.702618914652
636, 299.19311412548257, 867.702618914652
637, 0.0, 867.702618914652
638, 71.15113060538852, 867.702618914652
639, 280.7391534821438, 867.702618914652
640, 0.0, 867.702618914652
641, 210.35233518373454, 867.702618914652
642, 46.17885299407041, 867.702618914652
643, 1.8554903542687553, 867.702618914652
644, 245.5605002126487, 867.702618914652
645, 168.70554813576598, 867.702618914652
646, 0.0, 867.702618914652
647, 32.71128343907083, 867.702618914652
648, 213.46941373908277, 867.702618914652
649, 0.0, 867.702618914652
650, 280.29467400824916, 867.702618914652
651, 38.8127787643624, 867.702618914652
652, 0.0, 867.702618914652
653, 80.62618100878959, 867.702618914652
654, 0.0, 867.702618914652
655, 118.07554024678163, 867.702618914652
656, 75.17292772463608, 867.702618914652
657, 32.474071946066566, 867.702618914652
658, 54.72801145277012, 867.702618914652
659, 70.77243628283736, 867.702618914652
660, 723.266491633127, 867.702618914652
661, 323.37485366004387, 867.702618914652
662, 311.3856742874332, 867.702618914652
663, 42.94775905946857, 867.702618914652
664, 329.7813007799998, 867.702618914652
665, 42.9086851463497, 867.702618914652
666, 42.72298051494006, 867.702618914652
667, 201.14248232100644, 867.702618914652
668, 47.64809844840863, 867.702618914652
669, 0.0, 867.702618914652
670, 268.50728019914345, 867.702618914652
671, 506.3354902031663, 867.702618914652
672, 241.97481036492456, 867.702618914652
673, 0.0, 867.702618914652
674, 0.0, 867.702618914652
675, 0.0, 867.702618914652
676, 71.52943784221526, 867.702618914652
677, 51.78212770739722, 867.702618914652
678, 32.71128343907083, 867.702618914652
679, 237.18462911110566, 867.702618914652
680, 186.6874222162774, 867.702618914652
681, 0.0, 867.702618914652
682, 41.31500465631001, 867.702618914652
683, 207.11919867295677, 867.702618914652
684, 87.1913578025232, 867.702618914652
685, 82.58954455599874, 867.702618914652
686, 205.29393273221496, 867.702618914652
687, 158.87180939179575, 867.702618914652
688, 42.93159596384248, 867.702618914652
689, 4.874316654254086, 867.702618914652
690, 0.0, 867.702618914652
691, 7.673798421644559, 867.702618914652
692, 213.60523055647622, 867.702618914652
693, 205.01039110951936, 867.702618914652
694, 209.80050729447527, 867.702618914652
695, 230.56212548408575, 867.702618914652
696, 263.4078217265291, 867.702618914652
697, 0.0, 867.702618914652
698, 278.25766765418297, 867.702618914652
699, 0.8721143404732358, 867.702618914652
700, 5.720941851181507, 867.702618914652
701, 46.190107378628234, 867.702618914652
702, 53.75325796105302, 867.702618914652
703, 0.0, 867.702618914652
704, 77.85031288288556, 867.702618914652
705, 0.0, 867.702618914652
706, 49.18300249286076, 867.702618914652
707, 0.0, 867.702618914652
708, 35.36925571455892, 867.702618914652
709, 0.0, 867.702618914652
710, 66.9863085811434, 867.702618914652
711, 0.0, 867.702618914652
712, 249.0848136688682, 867.702618914652
713, 217.42244811053385, 867.702618914652
714, 270.9706388138274, 867.702618914652
715, 81.54877648328583, 867.702618914652
716, 312.0052371319005, 867.702618914652
717, 309.8474604944031, 867.702618914652
718, 0.0, 867.702618914652
719, 0.0, 867.702618914652
720, 0.0, 867.702618914652
721, 6.764788202134411, 867.702618914652
722, 229.8775942767016, 867.702618914652
723, 0.0, 867.702618914652
724, 0.0, 867.702618914652
725, 33.36114278276837, 867.702618914652
726, 590.2159654133939, 867.702618914652
727, 6.67704999054226, 867.702618914652
728, 5.12521727631291, 867.702618914652
729, 183.60228655050923, 867.702618914652
730, 263.2650606546953, 867.702618914652
731, 321.9919857558958, 867.702618914652
732, 49.50362013712463, 867.702618914652
733, 201.21841027897247, 867.702618914652
734, 41.406015485199575, 867.702618914652
735, 81.62009436303723, 867.702618914652
736, 0.0, 867.702618914652
737, 0.0, 867.702618914652
738, 0.0, 867.702618914652
739, 26.68301433900865, 867.702618914652
740, 0.0, 867.702618914652
741, 33.760437784774105, 867.702618914652
742, 0.0, 867.702618914652
743, 241.35538042371815, 867.702618914652
744, 115.54709288478136, 867.702618914652
745, 684.5607713192521, 867.702618914652
746, 251.08862338080735, 867.702618914652
747, 66.41203581231767, 867.702618914652
748, 0.0, 867.702618914652
749, 39.18999916490142, 867.702618914652
750, 20.845378938521293, 867.702618914652
751, 39.2483184156314, 867.702618914652
752, 177.61283758353676, 867.702618914652
753, 0.0, 867.702618914652
754, 204.9870624403972, 867.702618914652
755, 0.0, 867.702618914652
756, 226.61798566680642, 867.702618914652
757, 0.0, 867.702618914652
758, 202.54116366504132, 867.702618914652
759, 259.70170688621465, 867.702618914652
760, 203.60040556509367, 867.702618914652
761, 48.981535412938214, 867.702618914652
762, 269.5704798765757, 867.702618914652
763, 0.0, 867.702618914652
764, 33.92833913797971, 867.702618914652
765, 32.23796313842074, 867.702618914652
766, 0.0, 867.702618914652
767, 85.27763554501989, 867.702618914652
768, 74.74325584617361, 867.702618914652
769, 0.0, 867.702618914652
770, 210.8156925485408, 867.702618914652
771, 0.0, 867.702618914652
772, 72.63346540557187, 867.702618914652
773, 150.3845670551855, 867.702618914652
774, 6.568101596542491, 867.702618914652
775, 0.0, 867.702618914652
776, 214.05707007165483, 867.702618914652
777, 0.9528156502082533, 867.702618914652
778, 174.0124381471332, 867.702618914652
779, 247.00516933153125, 867.702618914652
780, 74.07996923952138, 867.702618914652
781, 0.0, 867.702618914652
782, 237.5796696816085, 867.702618914652
783, 0.6507438980645064, 867.702618914652
784, 40.50214358366555, 867.702618914652
785, 0.0, 867.702618914652
786, 257.1594607256978, 867.702618914652
787, 48.32860531046481, 867.702618914652
788, 37.21003421399185, 867.702618914652
789, 36.54046592035916, 867.702618914652
790, 208.15546507647912, 867.702618914652
791, 52.823490300254214, 867.702618914652
792, 65.4453175973298, 867.702618914652
793, 224.74095657272733, 867.702618914652
794, 213.21876033635473, 867.702618914652
795, 0.0, 867.702618914652
796, 0.0, 867.702618914652
797, 0.0, 867.702618914652
798, 50.12943416394255, 867.702618914652
799, 217.9807976756643, 867.702618914652
800, 209.41753235783946, 867.702618914652
801, 473.9905807297487, 867.702618914652
802, 73.68371312548186, 867.702618914652
803, 80.78903369558088, 867.702618914652
804, 150.917150904602, 867.702618914652
805, 2.5192516389056983, 867.702618914652
806, 43.55135098333782, 867.702618914652
807, 0.0, 867.702618914652
808, 485.9564255664394, 867.702618914652
809, 33.46423087175451, 867.702618914652
810, 36.738587663737185, 867.702618914652
811, 193.1456548786807, 867.702618914652
812, 44.845412516605066, 867.702618914652
813, 42.41721352333586, 867.702618914652
814, 253.24665085325614, 867.702618914652
815, 7.459754473380216, 867.702618914652
816, 0.0, 867.702618914652
817, 55.290747724048686, 867.702618914652
818, 104.8369363433434, 867.702618914652
819, 0.0, 867.702618914652
820, 207.0163009076735, 867.702618914652
821, 0.7335436497048782, 867.702618914652
822, 270.1100908742121, 867.702618914652
823, 336.97736389003205, 867.702618914652
824, 24.128971785236725, 867.702618914652
825, 4.763082413177774, 867.702618914652
826, 71.33804092561067, 867.702618914652
827, 0.6259481812026901, 867.702618914652
828, 44.49207143919076, 867.702618914652
829, 46.99918100024775, 867.702618914652
830, 258.00637122640353, 867.702618914652
831, 7.017076727171549, 867.702618914652
832, 0.0, 867.702618914652
833, 0.0, 867.702618914652
834, 0.0, 867.702618914652
835, 6.027385797816729, 867.702618914652
836, 51.026808449036295, 867.702618914652
837, 281.35628377280085, 867.702618914652
838, 293.0028874938138, 867.702618914652
839, 119.68623833745107, 867.702618914652
840, 542.2911517145678, 867.702618914652
841, 67.21980636175664, 867.702618914652
842, 0.0, 867.702618914652
843, 205.85646706629086, 867.702618914652
844, 213.07673061971195, 867.702618914652
845, 45.17394515778566, 867.702618914652
846, 17.375531523201857, 867.702618914652
847, 214.98259126016157, 867.702618914652
848, 533.9229497049035, 867.702618914652
849, 334.51444003299997, 867.702618914652
850, 38.30476020263743, 867.702618914652
851, 32.89114985137156, 867.702618914652
852, 14.385787199677281, 867.702618914652
853, 203.60691906900152, 867.702618914652
854, 52.83556577978203, 867.702618914652
855, 212.03103713541648, 867.702618914652
856, 150.3477524516059, 867.702618914652
857, 0.0, 867.702618914652
858, 0.0, 867.702618914652
859, 52.3125944675349, 867.702618914652
860, 42.26816169460112, 867.702618914652
861, 225.68028142234533, 867.702618914652
862, 50.88536582979275, 867.702618914652
863, 0.0, 867.702618914652
864, 151.27010284721126, 867.702618914652
865, 0.0, 867.702618914652
866, 0.0, 867.702618914652
867, 0.0, 867.702618914652
868, 5.032030304885382, 867.702618914652
869, 0.0, 867.702618914652
870, 91.15171633204872, 867.702618914652
871, 196.42472957568827, 867.702618914652
872, 216.747831202266, 867.702618914652
873, 226.5816671869545, 867.702618914652
874, 0.0, 867.702618914652
875, 0.0, 867.702618914652
876, 0.6303780189027984, 867.702618914652
877, 0.0, 867.702618914652
878, 0.0, 867.702618914652
879, 56.251012707481685, 867.702618914652
880, 0.0, 867.702618914652
881, 350.374942233753, 867.702618914652
882, 214.50952324537525, 867.702618914652
883, 52.54999676094771, 867.702618914652
884, 38.39326048267578, 867.702618914652
885, 28.13612473644333, 867.702618914652
886, 42.724002353616456, 867.702618914652
887, 109.45510399312403, 867.702618914652
888, 225.84450617625674, 867.702618914652
889, 289.488381764138, 867.702618914652
890, 0.0, 867.702618914652
891, 564.7835269384886, 867.702618914652
892, 108.47823503841414, 867.702618914652
893, 206.99613155941822, 867.702618914652
894, 213.24951822355519, 867.702618914652
895, 0.0, 867.702618914652
896, 249.41878730939652, 867.702618914652
897, 179.29138398706237, 867.702618914652
898, 0.0, 867.702618914652
899, 13.949172235199656, 867.702618914652
900, 291.6112590432304, 867.702618914652
901, 9.828769639352698, 867.702618914652
902, 216.3006354982474, 867.702618914652
903, 91.6854187308126, 867.702618914652
904, 34.64982728391304, 867.702618914652
905, 44.61764034635229, 867.702618914652
906, 40.248070153708696, 867.702618914652
907, 0.0, 867.702618914652
908, 32.71128343907082, 867.702618914652
909, 252.72992823144187, 867.702618914652
910, 0.0, 867.702618914652
911, 244.17569123300007, 867.702618914652
912, 0.0, 867.702618914652
913, 47.192203563271605, 867.702618914652
914, 228.92751731751332, 867.702618914652
915, 209.42161716076913, 867.702618914652
916, 49.98785316251354, 867.702618914652
917, 45.01088228971922, 867.702618914652
918, 287.1646968549278, 867.702618914652
919, 72.35144481579786, 867.702618914652
920, 200.2491003397132, 867.702618914652
921, 203.6352898584188, 867.702618914652
922, 204.27450045832862, 867.702618914652
923, 4.458063087622551, 867.702618914652
924, 0.0, 867.702618914652
925, 7.2271894866037005, 867.702618914652
926, 32.42698496375058, 867.702618914652
927, 211.48280917356342, 867.702618914652
928, 345.3081012866866, 867.702618914652
929, 0.0, 867.702618914652
930, 213.5920220684089, 867.702618914652
931, 91.8237730458766, 867.702618914652
932, 281.1176880262932, 867.702618914652
933, 83.77535715513402, 867.702618914652
934, 27.448709373789264, 867.702618914652
935, 211.39807363632076, 867.702618914652
936, 179.04056132967517, 867.702618914652
937, 58.60881901497523, 867.702618914652
938, 59.85647096874536, 867.702618914652
939, 143.73687707446584, 867.702618914652
940, 34.565182850990865, 867.702618914652
941, 10.732211024046507, 867.702618914652
942, 212.7543329546445, 867.702618914652
943, 273.49747260276905, 867.702618914652
944, 43.87559734705705, 867.702618914652
945, 0.0, 867.702618914652
946, 51.7830842648626, 867.702618914652
947, 4.806224585076406, 867.702618914652
948, 77.61939700447485, 867.702618914652
949, 225.3365139069244, 867.702618914652
950, 106.34770600049623, 867.702618914652
951, 232.3708849583261, 867.702618914652
952, 184.32510860511672, 867.702618914652
953, 253.73589187782068, 867.702618914652
954, 11.242445120197477, 867.702618914652
955, 220.3966562196674, 867.702618914652
956, 28.940560652318595, 867.702618914652
957, 122.16587100395952, 867.702618914652
958, 85.29854546704544, 867.702618914652
959, 34.369935143316305, 867.702618914652
960, 0.0, 867.702618914652
961, 0.0, 867.702618914652
962, 71.16466914113879, 867.702618914652
963, 0.0, 867.702618914652
964, 35.22114391515292, 867.702618914652
965, 17.85088839361698, 867.702618914652
966, 82.90637188652012, 867.702618914652
967, 193.3447548967858, 867.702618914652
968, 244.36504540848352, 867.702618914652
969, 77.75684256591339, 867.702618914652
970, 44.993996642867515, 867.702618914652
971, 292.3720148615544, 867.702618914652
972, 47.607571536842755, 867.702618914652
973, 0.0, 867.702618914652
974, 0.0, 867.702618914652
975, 4.6948883232779615, 867.702618914652
976, 31.507524181890545, 867.702618914652
977, 86.76265843712468, 867.702618914652
978, 34.861108495841194, 867.702618914652
979, 401.80292359654277, 867.702618914652
980, 0.0, 867.702618914652
981, 109.00685918306742, 867.702618914652
982, 0.0, 867.702618914652
983, 3.312276844616088, 867.702618914652
984, 146.6258308554466, 867.702618914652
985, 210.14151667504808, 867.702618914652
986, 0.0, 867.702618914652
987, 0.0, 867.702618914652
988, 46.69599505253403, 867.702618914652
989, 69.13279228227722, 867.702618914652
990, 184.54988091620942, 867.702618914652
991, 8.731159268480805, 867.702618914652
992, 46.1056125273429, 867.702618914652
993, 52.60080191440358, 867.702618914652
994, 58.53032076792773, 867.702618914652
995, 315.7857861993838, 867.702618914652
996, 46.53911042169816, 867.702618914652
997, 41.54849959158084, 867.702618914652
998, 41.267126500079414, 867.702618914652
999, 341.9163596823214, 867.702618914652
1000, 210.61304355894134, 867.702618914652
